T	C	M	Y	A	G	-	K
0	0	0	0	2	0	108	0
0	0	0	0	0	2	108	0
0	2	0	0	0	0	108	0
0	0	0	0	2	0	108	0
0	0	0	0	2	0	108	0
0	0	0	0	2	0	108	0
0	0	0	0	2	0	108	0
0	0	0	0	0	2	108	0
0	2	0	0	0	0	108	0
0	0	0	0	2	0	108	0
0	0	0	0	0	2	108	0
0	0	0	0	0	2	108	0
6	0	0	0	0	0	104	0
0	6	0	0	0	0	104	0
0	0	0	0	6	0	104	0
0	0	0	0	6	0	104	0
4	0	0	0	2	0	104	0
6	0	0	0	0	0	104	0
0	0	0	0	6	0	104	0
6	0	0	0	0	0	104	0
0	0	0	0	6	0	104	0
6	0	0	0	0	0	104	0
6	0	0	0	0	0	104	0
0	6	0	0	0	0	104	0
0	0	0	0	6	0	104	0
0	0	0	0	2	5	103	0
5	2	0	0	0	0	103	0
0	0	0	0	110	0	0	0
110	0	0	0	0	0	0	0
0	0	0	0	0	110	0	0
0	0	0	0	0	110	0	0
0	0	0	0	110	0	0	0
0	0	0	0	19	91	0	0
0	0	0	0	110	0	0	0
0	0	0	0	0	110	0	0
0	0	0	0	109	1	0	0
0	0	0	0	109	1	0	0
110	0	0	0	0	0	0	0
0	0	0	0	110	0	0	0
0	0	0	0	110	0	0	0
0	0	0	0	109	1	0	0
0	0	0	0	98	12	0	0
0	0	0	0	0	110	0	0
0	0	0	0	110	0	0	0
0	0	0	0	102	8	0	0
2	108	0	0	0	0	0	0
110	0	0	0	0	0	0	0
1	0	0	0	90	19	0	0
0	9	0	0	101	0	0	0
0	0	0	0	0	110	0	0
0	0	0	0	100	10	0	0
0	0	0	0	16	94	0	0
0	1	0	0	109	0	0	0
105	4	0	0	1	0	0	0
1	109	0	0	0	0	0	0
110	0	0	0	0	0	0	0
0	0	0	0	88	22	0	0
0	0	0	0	110	0	0	0
110	0	0	0	0	0	0	0
0	0	0	0	0	110	0	0
110	0	0	0	0	0	0	0
0	110	0	0	0	0	0	0
1	0	0	0	22	87	0	0
0	110	0	0	0	0	0	0
1	0	0	0	109	0	0	0
1	0	0	0	7	102	0	0
110	0	0	0	0	0	0	0
0	110	0	0	0	0	0	0
28	82	0	0	0	0	0	0
0	110	0	0	0	0	0	0
0	0	0	0	0	110	0	0
0	110	0	0	0	0	0	0
0	0	0	0	110	0	0	0
0	110	0	0	0	0	0	0
108	2	0	0	0	0	0	0
0	110	0	0	0	0	0	0
0	0	0	0	0	110	0	0
0	110	0	0	0	0	0	0
0	0	0	0	0	110	0	0
0	0	0	0	110	0	0	0
0	0	0	0	0	110	0	0
0	0	0	0	110	0	0	0
110	0	0	0	0	0	0	0
0	0	0	0	110	0	0	0
0	110	0	0	0	0	0	0
110	0	0	0	0	0	0	0
0	93	0	0	9	8	0	0
0	0	0	0	110	0	0	0
1	108	0	0	1	0	0	0
85	3	0	0	22	0	0	0
0	0	0	0	110	0	0	0
0	0	0	0	96	14	0	0
0	0	0	0	19	91	0	0
0	0	0	0	110	0	0	0
0	110	0	0	0	0	0	0
0	109	0	0	1	0	0	0
0	0	0	0	110	0	0	0
0	110	0	0	0	0	0	0
97	2	0	0	11	0	0	0
0	0	0	0	0	110	0	0
110	0	0	0	0	0	0	0
0	0	0	0	0	110	0	0
0	0	0	0	0	110	0	0
0	0	0	0	110	0	0	0
10	100	0	0	0	0	0	0
0	110	0	0	0	0	0	0
0	0	0	0	110	0	0	0
105	5	0	0	0	0	0	0
0	0	0	0	110	0	0	0
110	0	0	0	0	0	0	0
0	0	0	0	0	110	0	0
0	0	0	0	0	110	0	0
0	110	0	0	0	0	0	0
6	104	0	0	0	0	0	0
0	0	0	0	110	0	0	0
110	0	0	0	0	0	0	0
0	1	0	0	109	0	0	0
0	0	0	0	110	0	0	0
110	0	0	0	0	0	0	0
11	98	0	0	1	0	0	0
0	0	0	0	110	0	0	0
0	0	0	0	110	0	0	0
0	0	0	0	85	25	0	0
0	0	0	0	110	0	0	0
0	0	0	0	110	0	0	0
0	0	0	0	21	89	0	0
110	0	0	0	0	0	0	0
0	0	0	0	110	0	0	0
1	109	0	0	0	0	0	0
0	0	0	0	110	0	0	0
0	110	0	0	0	0	0	0
1	0	0	0	85	24	0	0
110	0	0	0	0	0	0	0
0	110	0	0	0	0	0	0
0	0	0	0	90	20	0	0
0	0	0	0	0	110	0	0
0	0	0	0	0	110	0	0
0	0	0	0	89	21	0	0
0	0	0	0	110	0	0	0
0	0	0	0	0	110	0	0
0	0	0	0	16	94	0	0
0	110	0	0	0	0	0	0
0	0	0	0	110	0	0	0
0	0	0	0	70	40	0	0
0	0	0	0	0	110	0	0
0	0	0	0	110	0	0	0
0	0	0	0	11	99	0	0
0	0	0	0	110	0	0	0
0	0	0	0	110	0	0	0
0	0	0	0	8	102	0	0
0	0	0	0	110	0	0	0
0	0	0	0	110	0	0	0
5	105	0	0	0	0	0	0
0	110	0	0	0	0	0	0
0	110	0	0	0	0	0	0
14	84	0	0	3	9	0	0
13	0	0	0	0	97	0	0
0	110	0	0	0	0	0	0
0	0	0	0	104	6	0	0
11	99	0	0	0	0	0	0
110	0	0	0	0	0	0	0
11	88	0	0	0	11	0	0
0	1	0	0	109	0	0	0
0	0	0	0	0	110	0	0
0	0	0	0	98	12	0	0
0	0	0	0	110	0	0	0
110	0	0	0	0	0	0	0
0	0	0	0	0	110	0	0
0	0	0	0	110	0	0	0
0	0	0	0	110	0	0	0
0	0	0	0	28	82	0	0
110	0	0	0	0	0	0	0
0	0	0	0	0	110	0	0
0	0	0	0	0	110	0	0
0	0	0	0	110	0	0	0
110	0	0	0	0	0	0	0
0	0	0	0	1	109	0	0
0	0	0	0	110	0	0	0
110	0	0	0	0	0	0	0
0	0	0	0	0	110	0	0
0	0	0	0	0	110	0	0
0	110	0	0	0	0	0	0
0	0	0	0	107	3	0	0
0	0	0	0	110	0	0	0
110	0	0	0	0	0	0	0
0	0	0	0	0	110	0	0
0	0	0	0	110	0	0	0
0	0	0	0	97	13	0	0
0	0	0	0	109	1	0	0
110	0	0	0	0	0	0	0
0	1	0	0	109	0	0	0
20	89	0	0	1	0	0	0
0	110	0	0	0	0	0	0
0	110	0	0	0	0	0	0
1	0	0	0	109	0	0	0
0	0	0	0	110	0	0	0
110	0	0	0	0	0	0	0
94	16	0	0	0	0	0	0
0	1	0	0	108	1	0	0
0	110	0	0	0	0	0	0
9	0	0	0	96	5	0	0
0	0	0	0	0	110	0	0
0	110	0	0	0	0	0	0
9	0	0	0	81	20	0	0
0	0	0	0	1	109	0	0
0	0	0	0	110	0	0	0
4	106	0	0	0	0	0	0
0	0	0	0	110	0	0	0
0	0	0	0	79	31	0	0
0	0	0	0	15	95	0	0
0	0	0	0	110	0	0	0
0	0	0	0	1	109	0	0
0	0	0	0	90	20	0	0
0	0	0	0	106	4	0	0
110	0	0	0	0	0	0	0
0	0	0	0	110	0	0	0
0	0	0	0	109	1	0	0
100	10	0	0	0	0	0	0
12	0	0	0	11	87	0	0
0	0	0	0	1	109	0	0
0	0	0	0	109	1	0	0
1	87	0	0	18	4	0	0
0	0	0	0	110	0	0	0
98	12	0	0	0	0	0	0
1	0	0	0	17	92	0	0
0	0	0	0	98	12	0	0
110	0	0	0	0	0	0	0
88	22	0	0	0	0	0	0
0	110	0	0	0	0	0	0
0	110	0	0	0	0	0	0
2	11	0	0	89	8	0	0
0	0	0	0	0	110	0	0
0	0	0	0	110	0	0	0
0	0	0	0	8	102	0	0
0	0	0	0	110	0	0	0
0	0	0	0	1	109	0	0
0	0	0	0	13	97	0	0
0	0	0	0	110	0	0	0
0	0	0	0	110	0	0	0
109	1	0	0	0	0	0	0
0	0	0	0	0	110	0	0
0	0	0	0	109	1	0	0
0	0	0	0	99	11	0	0
1	107	0	0	2	0	0	0
0	0	0	0	109	1	0	0
1	0	0	0	107	2	0	0
0	0	0	0	0	110	0	0
0	0	0	0	0	110	0	0
0	0	0	0	104	6	0	0
0	110	0	0	0	0	0	0
0	0	0	0	110	0	0	0
0	0	0	0	107	3	0	0
0	0	0	0	108	2	0	0
1	109	0	0	0	0	0	0
17	92	0	0	1	0	0	0
0	110	0	0	0	0	0	0
110	0	0	0	0	0	0	0
2	81	0	0	27	0	0	0
110	0	0	0	0	0	0	0
0	0	0	0	0	110	0	0
0	0	0	0	0	110	0	0
0	0	0	0	110	0	0	0
0	0	0	0	0	110	0	0
12	98	0	0	0	0	0	0
0	0	0	0	110	0	0	0
0	0	0	0	74	36	0	0
0	0	0	0	106	4	0	0
0	0	0	0	110	0	0	0
12	98	0	0	0	0	0	0
0	0	0	0	89	21	0	0
0	0	0	0	109	1	0	0
0	10	0	0	81	19	0	0
18	92	0	0	0	0	0	0
0	0	0	0	0	110	0	0
0	0	0	0	110	0	0	0
110	0	0	0	0	0	0	0
0	0	0	0	0	110	0	0
0	110	0	0	0	0	0	0
94	16	0	0	0	0	0	0
0	0	0	0	0	110	0	0
0	0	0	0	0	110	0	0
0	4	0	0	100	6	0	0
110	0	0	0	0	0	0	0
0	110	0	0	0	0	0	0
2	0	0	0	47	61	0	0
0	0	0	0	0	110	0	0
0	0	0	0	110	0	0	0
26	84	0	0	0	0	0	0
0	102	0	0	8	0	0	0
0	0	0	0	0	110	0	0
33	35	0	0	29	13	0	0
1	0	0	0	2	107	0	0
110	0	0	0	0	0	0	0
0	0	0	0	20	90	0	0
0	0	0	0	110	0	0	0
110	0	0	0	0	0	0	0
0	0	0	0	1	109	0	0
0	0	0	0	0	110	0	0
110	0	0	0	0	0	0	0
0	1	0	0	106	3	0	0
110	0	0	0	0	0	0	0
0	110	0	0	0	0	0	0
0	0	0	0	108	2	0	0
0	110	0	0	0	0	0	0
0	110	0	0	0	0	0	0
75	34	0	0	1	0	0	0
10	100	0	0	0	0	0	0
110	0	0	0	0	0	0	0
0	0	0	0	11	99	0	0
0	0	0	0	0	110	0	0
0	110	0	0	0	0	0	0
27	79	0	0	4	0	0	0
0	0	0	0	3	107	0	0
110	0	0	0	0	0	0	0
0	5	0	0	89	16	0	0
1	0	0	0	109	0	0	0
0	110	0	0	0	0	0	0
0	0	0	0	110	0	0	0
110	0	0	0	0	0	0	0
0	0	0	0	0	110	0	0
0	0	0	0	0	110	0	0
110	0	0	0	0	0	0	0
0	0	0	0	0	110	0	0
0	0	0	0	0	110	0	0
0	0	0	0	110	0	0	0
0	0	0	0	110	0	0	0
103	7	0	0	0	0	0	0
0	0	0	0	110	0	0	0
0	0	0	0	0	110	0	0
0	0	0	0	15	95	0	0
0	0	0	0	110	0	0	0
0	0	0	0	110	0	0	0
108	1	0	0	0	1	0	0
0	0	0	0	0	110	0	0
0	0	0	0	0	110	0	0
5	83	0	0	10	12	0	0
0	110	0	0	0	0	0	0
0	109	0	0	1	0	0	0
0	9	0	0	98	3	0	0
0	0	0	0	100	10	0	0
11	97	0	0	1	1	0	0
0	0	0	0	97	13	0	0
0	0	0	0	94	16	0	0
0	110	0	0	0	0	0	0
0	0	0	0	110	0	0	0
0	0	0	0	110	0	0	0
1	1	0	0	4	104	0	0
33	77	0	0	0	0	0	0
0	0	0	0	110	0	0	0
0	110	0	0	0	0	0	0
2	0	0	0	98	10	0	0
0	0	0	0	10	100	0	0
110	0	0	0	0	0	0	0
92	17	0	0	0	1	0	0
0	110	0	0	0	0	0	0
0	0	0	0	110	0	0	0
25	85	0	0	0	0	0	0
110	0	0	0	0	0	0	0
0	0	0	0	110	0	0	0
8	102	0	0	0	0	0	0
0	110	0	0	0	0	0	0
0	110	0	0	0	0	0	0
78	7	0	0	22	3	0	0
0	0	0	0	110	0	0	0
0	0	0	0	110	0	0	0
0	0	0	0	22	88	0	0
0	0	0	0	0	110	0	0
110	0	0	0	0	0	0	0
2	12	0	0	84	12	0	0
110	0	0	0	0	0	0	0
0	0	0	0	110	0	0	0
71	39	0	0	0	0	0	0
0	0	0	0	110	0	0	0
0	0	0	0	98	12	0	0
0	0	0	0	105	5	0	0
0	0	0	0	110	0	0	0
0	110	0	0	0	0	0	0
109	0	0	0	1	0	0	0
110	0	0	0	0	0	0	0
0	0	0	0	110	0	0	0
91	19	0	0	0	0	0	0
110	0	0	0	0	0	0	0
110	0	0	0	0	0	0	0
19	91	0	0	0	0	0	0
0	0	0	0	0	110	0	0
0	0	0	0	110	0	0	0
0	9	0	0	95	6	0	0
0	0	0	0	110	0	0	0
0	0	0	0	110	0	0	0
0	0	0	0	82	28	0	0
0	0	0	0	1	109	0	0
109	1	0	0	0	0	0	0
6	103	0	0	1	0	0	0
0	0	0	0	0	110	0	0
0	0	0	0	109	1	0	0
0	0	0	0	107	3	0	0
0	0	0	0	110	0	0	0
0	0	0	0	0	110	0	0
0	0	0	0	21	89	0	0
109	1	0	0	0	0	0	0
110	0	0	0	0	0	0	0
0	0	0	0	87	23	0	0
0	0	0	0	110	0	0	0
0	0	0	0	109	1	0	0
0	1	0	0	105	4	0	0
2	103	0	0	5	0	0	0
0	0	0	0	110	0	0	0
99	11	0	0	0	0	0	0
0	0	0	0	0	110	0	0
0	0	0	0	0	110	0	0
85	2	0	0	11	12	0	0
0	0	0	0	110	0	0	0
1	109	0	0	0	0	0	0
12	95	0	0	3	0	0	0
110	0	0	0	0	0	0	0
110	0	0	0	0	0	0	0
91	19	0	0	0	0	0	0
0	0	0	0	0	110	0	0
0	0	0	0	0	110	0	0
9	101	0	0	0	0	0	0
0	110	0	0	0	0	0	0
0	110	0	0	0	0	0	0
109	1	0	0	0	0	0	0
0	0	0	0	0	110	0	0
110	0	0	0	0	0	0	0
5	105	0	0	0	0	0	0
0	110	0	0	0	0	0	0
0	0	0	0	110	0	0	0
45	65	0	0	0	0	0	0
110	0	0	0	0	0	0	0
110	0	0	0	0	0	0	0
9	101	0	0	0	0	0	0
0	0	0	0	110	0	0	0
0	0	0	0	1	109	0	0
0	0	0	0	105	5	0	0
0	0	0	0	110	0	0	0
0	0	0	0	109	1	0	0
96	14	0	0	0	0	0	0
0	110	0	0	0	0	0	0
0	0	0	0	110	0	0	0
0	0	0	0	106	4	0	0
0	0	0	0	0	110	0	0
110	0	0	0	0	0	0	0
80	30	0	0	0	0	0	0
0	0	0	0	110	0	0	0
0	0	0	0	110	0	0	0
0	0	0	0	101	9	0	0
0	0	0	0	110	0	0	0
110	0	0	0	0	0	0	0
0	0	0	0	110	0	0	0
0	21	0	0	89	0	0	0
0	0	0	0	0	110	0	0
1	20	0	0	50	39	0	0
0	15	0	0	95	0	0	0
0	0	0	0	1	109	0	0
0	0	0	0	20	90	0	0
0	0	0	0	110	0	0	0
0	0	0	0	0	110	0	0
0	0	0	0	31	79	0	0
0	0	0	0	0	110	0	0
110	0	0	0	0	0	0	0
98	0	0	0	10	2	0	0
0	0	0	0	0	110	0	0
0	0	0	0	110	0	0	0
17	93	0	0	0	0	0	0
0	0	0	0	110	0	0	0
21	89	0	0	0	0	0	0
1	1	0	0	107	1	0	0
0	0	0	0	110	0	0	0
0	0	0	0	110	0	0	0
5	105	0	0	0	0	0	0
0	110	0	0	0	0	0	0
0	110	0	0	0	0	0	0
93	3	0	0	13	1	0	0
0	0	0	0	0	110	0	0
0	0	0	0	0	110	0	0
87	21	0	0	2	0	0	0
0	110	0	0	0	0	0	0
0	0	0	0	110	0	0	0
79	31	0	0	0	0	0	0
0	0	0	0	0	110	0	0
0	110	0	0	0	0	0	0
0	0	0	0	105	5	0	0
0	0	0	0	0	110	0	0
0	0	0	0	110	0	0	0
91	19	0	0	0	0	0	0
0	109	0	0	1	0	0	0
110	0	0	0	0	0	0	0
0	110	0	0	0	0	0	0
0	0	0	0	110	0	0	0
0	0	0	0	1	109	0	0
109	1	0	0	0	0	0	0
8	1	0	0	1	100	0	0
1	109	0	0	0	0	0	0
4	106	0	0	0	0	0	0
0	0	0	0	109	1	0	0
0	0	0	0	104	6	0	0
0	0	0	0	28	82	0	0
0	0	0	0	0	110	0	0
0	0	0	0	110	0	0	0
0	0	0	0	12	98	0	0
0	0	0	0	0	110	0	0
0	110	0	0	0	0	0	0
0	0	0	0	101	9	0	0
0	110	0	0	0	0	0	0
0	0	0	0	110	0	0	0
0	0	0	0	30	80	0	0
0	0	0	0	0	110	0	0
0	0	0	0	110	0	0	0
110	0	0	0	0	0	0	0
0	0	0	0	0	110	0	0
110	0	0	0	0	0	0	0
11	2	0	0	15	82	0	0
0	0	0	0	110	0	0	0
110	0	0	0	0	0	0	0
27	71	0	0	12	0	0	0
0	0	0	0	110	0	0	0
110	0	0	0	0	0	0	0
0	0	0	0	0	110	0	0
0	0	0	0	0	110	0	0
0	0	0	0	110	0	0	0
0	0	0	0	103	7	0	0
0	0	0	0	0	110	0	0
110	0	0	0	0	0	0	0
109	0	0	0	0	1	0	0
0	0	0	0	0	110	0	0
110	0	0	0	0	0	0	0
110	0	0	0	0	0	0	0
110	0	0	0	0	0	0	0
110	0	0	0	0	0	0	0
11	99	0	0	0	0	0	0
0	110	0	0	0	0	0	0
0	110	0	0	0	0	0	0
1	9	0	0	99	1	0	0
0	0	0	0	110	0	0	0
0	0	0	0	110	0	0	0
106	4	0	0	0	0	0	0
0	0	0	0	0	110	0	0
0	0	0	0	110	0	0	0
0	0	0	0	103	7	0	0
0	0	0	0	0	110	0	0
110	0	0	0	0	0	0	0
2	0	0	0	3	105	0	0
0	0	0	0	0	110	0	0
0	0	0	0	0	110	0	0
1	0	0	0	33	76	0	0
0	0	0	0	0	110	0	0
0	110	0	0	0	0	0	0
8	13	0	0	89	0	0	0
0	0	0	0	110	0	0	0
0	0	0	0	3	107	0	0
0	0	0	0	104	6	0	0
0	0	0	0	108	2	0	0
110	0	0	0	0	0	0	0
0	0	0	0	110	0	0	0
14	96	0	0	0	0	0	0
110	0	0	0	0	0	0	0
1	0	0	0	20	89	0	0
0	0	0	0	110	0	0	0
0	110	0	0	0	0	0	0
0	0	0	0	107	3	0	0
110	0	0	0	0	0	0	0
0	110	0	0	0	0	0	0
0	0	0	0	96	14	0	0
0	0	0	0	0	110	0	0
0	0	0	0	110	0	0	0
2	0	0	0	29	79	0	0
110	0	0	0	0	0	0	0
0	110	0	0	0	0	0	0
0	0	0	0	107	3	0	0
0	110	0	0	0	0	0	0
0	0	0	0	110	0	0	0
0	0	0	0	11	99	0	0
4	106	0	0	0	0	0	0
110	0	0	0	0	0	0	0
0	0	0	0	24	86	0	0
0	0	0	0	87	23	0	0
12	98	0	0	0	0	0	0
0	0	0	0	98	12	0	0
0	0	0	0	110	0	0	0
110	0	0	0	0	0	0	0
12	0	0	0	98	0	0	0
0	0	0	0	110	0	0	0
0	110	0	0	0	0	0	0
20	1	0	0	88	1	0	0
0	0	0	0	110	0	0	0
0	0	0	0	108	2	0	0
0	0	0	0	103	7	0	0
0	0	0	0	0	110	0	0
0	0	0	0	110	0	0	0
0	0	0	0	71	39	0	0
0	0	0	0	110	0	0	0
0	0	0	0	110	0	0	0
0	0	0	0	10	100	0	0
0	0	0	0	110	0	0	0
0	0	0	0	110	0	0	0
0	0	0	0	108	2	0	0
0	0	0	0	2	108	0	0
0	0	0	0	109	1	0	0
0	1	0	0	109	0	0	0
0	0	0	0	0	110	0	0
0	0	0	0	110	0	0	0
0	0	0	0	18	92	0	0
0	109	0	0	1	0	0	0
110	0	0	0	0	0	0	0
2	107	0	0	1	0	0	0
0	110	0	0	0	0	0	0
0	0	0	0	101	9	0	0
0	0	0	0	11	99	0	0
0	0	0	0	7	103	0	0
0	0	0	0	107	3	0	0
94	4	0	0	1	11	0	0
110	0	0	0	0	0	0	0
0	0	0	0	0	110	0	0
87	23	0	0	0	0	0	0
0	0	0	0	110	0	0	0
0	0	0	0	107	3	0	0
0	0	0	0	108	2	0	0
0	0	0	0	109	1	0	0
110	0	0	0	0	0	0	0
100	2	0	0	8	0	0	0
21	0	0	0	0	89	0	0
0	110	0	0	0	0	0	0
106	4	0	0	0	0	0	0
0	110	0	0	0	0	0	0
0	110	0	0	0	0	0	0
10	98	0	0	2	0	0	0
108	2	0	0	0	0	0	0
110	0	0	0	0	0	0	0
0	0	0	0	11	99	0	0
0	0	0	0	110	0	0	0
110	0	0	0	0	0	0	0
0	0	0	0	0	110	0	0
0	0	0	0	0	110	0	0
110	0	0	0	0	0	0	0
4	7	0	0	13	86	0	0
0	0	0	0	0	110	0	0
0	110	0	0	0	0	0	0
1	0	0	0	92	17	0	0
109	1	0	0	0	0	0	0
0	0	0	0	110	0	0	0
2	108	0	0	0	0	0	0
0	0	0	0	110	0	0	0
110	0	0	0	0	0	0	0
0	0	0	0	0	110	0	0
31	79	0	0	0	0	0	0
110	0	0	0	0	0	0	0
0	0	0	0	98	12	0	0
0	0	0	0	0	110	0	0
0	0	0	0	110	0	0	0
0	0	0	0	88	22	0	0
0	7	0	0	103	0	0	0
0	0	0	0	0	110	0	0
0	0	0	0	105	5	0	0
0	0	0	0	0	110	0	0
0	0	0	0	110	0	0	0
0	0	0	0	75	35	0	0
85	25	0	0	0	0	0	0
110	0	0	0	0	0	0	0
20	0	0	0	3	87	0	0
0	0	0	0	2	108	0	0
110	0	0	0	0	0	0	0
74	28	0	0	2	6	0	0
0	108	0	0	2	0	0	0
0	0	0	0	0	110	0	0
71	15	0	0	9	15	0	0
0	0	0	0	110	0	0	0
0	0	0	0	110	0	0	0
0	0	0	0	48	62	0	0
0	0	0	0	110	0	0	0
0	110	0	0	0	0	0	0
0	0	0	0	36	74	0	0
0	0	0	0	109	1	0	0
0	0	0	0	0	110	0	0
0	0	0	0	15	95	0	0
110	0	0	0	0	0	0	0
110	0	0	0	0	0	0	0
93	17	0	0	0	0	0	0
0	110	0	0	0	0	0	0
110	0	0	0	0	0	0	0
29	81	0	0	0	0	0	0
0	110	0	0	0	0	0	0
0	110	0	0	0	0	0	0
0	0	0	0	48	62	0	0
0	0	0	0	0	110	0	0
109	0	0	0	0	1	0	0
10	0	0	0	25	75	0	0
0	0	0	0	0	110	0	0
1	109	0	0	0	0	0	0
88	22	0	0	0	0	0	0
0	0	0	0	0	110	0	0
0	0	0	0	0	110	0	0
90	20	0	0	0	0	0	0
1	0	0	0	0	109	0	0
0	0	0	0	0	110	0	0
0	0	0	0	83	27	0	0
0	0	0	0	110	0	0	0
0	110	0	0	0	0	0	0
0	0	0	0	98	12	0	0
0	0	0	0	59	51	0	0
0	0	0	0	0	110	0	0
0	110	0	0	0	0	0	0
0	0	0	0	110	0	0	0
0	0	0	0	0	110	0	0
108	2	0	0	0	0	0	0
0	0	0	0	11	99	0	0
109	1	0	0	0	0	0	0
81	7	0	0	10	11	1	0
110	0	0	0	0	0	0	0
0	0	0	0	110	0	0	0
86	24	0	0	0	0	0	0
0	0	0	0	110	0	0	0
109	0	0	0	1	0	0	0
0	0	0	0	1	0	109	0
110	0	0	0	0	0	0	0
0	0	0	0	0	110	0	0
0	0	0	0	109	1	0	0
0	0	0	0	91	19	0	0
0	0	0	0	1	109	0	0
110	0	0	0	0	0	0	0
9	0	0	0	2	99	0	0
57	53	0	0	0	0	0	0
110	0	0	0	0	0	0	0
0	0	0	0	30	80	0	0
0	110	0	0	0	0	0	0
0	0	0	0	110	0	0	0
22	88	0	0	0	0	0	0
110	0	0	0	0	0	0	0
110	0	0	0	0	0	0	0
0	1	0	0	97	12	0	0
0	0	0	0	110	0	0	0
0	110	0	0	0	0	0	0
86	24	0	0	0	0	0	0
0	110	0	0	0	0	0	0
0	0	0	0	110	0	0	0
0	0	0	0	26	84	0	0
0	0	0	0	0	110	0	0
0	0	0	0	0	110	0	0
0	0	0	0	86	24	0	0
0	0	0	0	100	10	0	0
0	110	0	0	0	0	0	0
0	0	0	0	75	35	0	0
110	0	0	0	0	0	0	0
0	0	0	0	0	110	0	0
12	98	0	0	0	0	0	0
110	0	0	0	0	0	0	0
0	0	0	0	0	110	0	0
0	0	0	0	0	110	0	0
0	0	0	0	0	110	0	0
0	0	0	0	110	0	0	0
0	0	0	0	28	82	0	0
0	110	0	0	0	0	0	0
0	0	0	0	110	0	0	0
0	0	0	0	76	34	0	0
2	10	0	0	98	0	0	0
110	0	0	0	0	0	0	0
0	0	0	0	12	98	0	0
110	0	0	0	0	0	0	0
0	0	0	0	110	0	0	0
2	108	0	0	0	0	0	0
0	0	0	0	109	1	0	0
0	110	0	0	0	0	0	0
108	1	0	0	1	0	0	0
1	109	0	0	0	0	0	0
0	110	0	0	0	0	0	0
1	1	0	0	106	2	0	0
0	0	0	0	0	110	0	0
0	0	0	0	0	110	0	0
9	3	0	0	88	10	0	0
0	0	0	0	0	110	0	0
0	0	0	0	0	110	0	0
0	0	0	0	94	16	0	0
0	0	0	0	4	106	0	0
0	0	0	0	99	11	0	0
1	1	0	0	106	2	0	0
0	0	0	0	0	110	0	0
110	0	0	0	0	0	0	0
0	0	0	0	13	97	0	0
0	0	0	0	110	0	0	0
1	0	0	0	4	105	0	0
0	0	0	0	97	13	0	0
0	0	0	0	110	0	0	0
0	0	0	0	110	0	0	0
96	14	0	0	0	0	0	0
0	0	0	0	0	110	0	0
0	0	0	0	110	0	0	0
102	8	0	0	0	0	0	0
0	0	0	0	0	110	0	0
0	0	0	0	110	0	0	0
109	0	0	0	0	1	0	0
0	0	0	0	3	107	0	0
110	0	0	0	0	0	0	0
105	5	0	0	0	0	0	0
0	0	0	0	0	110	0	0
0	0	0	0	110	0	0	0
7	103	0	0	0	0	0	0
0	110	0	0	0	0	0	0
0	0	0	0	110	0	0	0
0	0	0	0	103	7	0	0
0	0	0	0	110	0	0	0
0	0	0	0	0	110	0	0
85	25	0	0	0	0	0	0
96	14	0	0	0	0	0	0
110	0	0	0	0	0	0	0
0	0	0	0	23	87	0	0
0	0	0	0	107	3	0	0
110	0	0	0	0	0	0	0
100	10	0	0	0	0	0	0
0	0	0	0	110	0	0	0
110	0	0	0	0	0	0	0
21	86	0	0	3	0	0	0
0	0	0	0	0	110	0	0
0	110	0	0	0	0	0	0
69	31	0	0	2	8	0	0
1	0	0	0	0	109	0	0
0	110	0	0	0	0	0	0
101	9	0	0	0	0	0	0
0	0	0	0	110	0	0	0
0	0	0	0	0	110	0	0
0	0	0	0	83	27	0	0
0	0	0	0	110	0	0	0
0	0	0	0	98	12	0	0
2	108	0	0	0	0	0	0
0	0	0	0	110	0	0	0
110	0	0	0	0	0	0	0
0	0	0	0	110	0	0	0
0	0	0	0	0	110	0	0
110	0	0	0	0	0	0	0
0	0	0	0	99	11	0	0
0	0	0	0	110	0	0	0
0	0	0	0	0	110	0	0
0	0	0	0	109	1	0	0
0	0	0	0	110	0	0	0
0	0	0	0	0	110	0	0
0	0	0	0	110	0	0	0
0	0	0	0	0	110	0	0
0	110	0	0	0	0	0	0
12	8	0	0	89	1	0	0
0	0	0	0	12	98	0	0
0	110	0	0	0	0	0	0
2	0	0	0	107	1	0	0
0	0	0	0	0	110	0	0
110	0	0	0	0	0	0	0
0	0	0	0	18	92	0	0
110	0	0	0	0	0	0	0
0	110	0	0	0	0	0	0
12	0	0	0	98	0	0	0
0	0	0	0	0	110	0	0
0	110	0	0	0	0	0	0
1	0	0	0	106	3	0	0
0	0	0	0	0	110	0	0
0	0	0	0	110	0	0	0
23	87	0	0	0	0	0	0
0	110	0	0	0	0	0	0
0	110	0	0	0	0	0	0
0	0	0	0	109	1	0	0
89	21	0	0	0	0	0	0
110	0	0	0	0	0	0	0
0	0	0	0	95	15	0	0
0	0	0	0	0	110	0	0
1	109	0	0	0	0	0	0
5	2	0	0	101	2	0	0
110	0	0	0	0	0	0	0
0	110	0	0	0	0	0	0
103	6	0	0	0	1	0	0
9	101	0	0	0	0	0	0
110	0	0	0	0	0	0	0
3	83	0	0	21	3	0	0
108	2	0	0	0	0	0	0
110	0	0	0	0	0	0	0
0	0	0	0	1	109	0	0
0	0	0	0	0	110	0	0
0	0	0	0	110	0	0	0
0	0	0	0	94	16	0	0
0	0	0	0	110	0	0	0
110	0	0	0	0	0	0	0
0	0	0	0	0	110	0	0
110	0	0	0	0	0	0	0
0	0	0	0	0	110	0	0
10	100	0	0	0	0	0	0
2	108	0	0	0	0	0	0
0	0	0	0	110	0	0	0
9	99	0	0	2	0	0	0
0	0	0	0	108	2	0	0
0	0	0	0	0	110	0	0
1	109	0	0	0	0	0	0
0	0	0	0	110	0	0	0
0	110	0	0	0	0	0	0
1	0	0	0	99	10	0	0
0	109	0	0	1	0	0	0
0	0	0	0	110	0	0	0
0	0	0	0	40	70	0	0
0	0	0	0	110	0	0	0
110	0	0	0	0	0	0	0
109	1	0	0	0	0	0	0
0	0	0	0	0	110	0	0
0	0	0	0	0	110	0	0
13	9	0	0	87	1	0	0
0	0	0	0	1	109	0	0
0	0	0	0	0	110	0	0
4	0	0	0	99	7	0	0
0	0	0	0	84	26	0	0
97	13	0	0	0	0	0	0
1	0	0	0	102	7	0	0
2	19	0	0	89	0	0	0
0	0	0	0	14	96	0	0
0	0	0	0	16	94	0	0
4	0	0	0	106	0	0	0
110	0	0	0	0	0	0	0
0	0	0	0	0	110	0	0
0	0	0	0	7	103	0	0
109	1	0	0	0	0	0	0
5	0	0	0	13	92	0	0
0	0	0	0	0	110	0	0
0	0	0	0	110	0	0	0
5	105	0	0	0	0	0	0
0	0	0	0	110	0	0	0
110	0	0	0	0	0	0	0
19	91	0	0	0	0	0	0
0	110	0	0	0	0	0	0
110	0	0	0	0	0	0	0
86	24	0	0	0	0	0	0
0	0	0	0	110	0	0	0
0	0	0	0	17	93	0	0
0	0	0	0	87	23	0	0
0	110	0	0	0	0	0	0
0	0	0	0	110	0	0	0
1	0	0	0	10	99	0	0
0	0	0	0	110	0	0	0
0	0	0	0	110	0	0	0
59	51	0	0	0	0	0	0
0	110	0	0	0	0	0	0
0	110	0	0	0	0	0	0
3	0	0	0	87	20	0	0
0	0	0	0	110	0	0	0
0	110	0	0	0	0	0	0
26	0	0	0	25	59	0	0
0	0	0	0	0	110	0	0
0	0	0	0	110	0	0	0
1	0	0	0	11	98	0	0
0	0	0	0	0	110	0	0
0	0	0	0	110	0	0	0
0	0	0	0	107	3	0	0
0	110	0	0	0	0	0	0
0	0	0	0	110	0	0	0
0	0	0	0	104	6	0	0
0	0	0	0	0	110	0	0
0	110	0	0	0	0	0	0
17	80	0	0	13	0	0	0
0	0	0	0	0	110	0	0
110	0	0	0	0	0	0	0
0	1	0	0	83	26	0	0
0	0	0	0	1	109	0	0
0	0	0	0	110	0	0	0
22	88	0	0	0	0	0	0
0	0	0	0	110	0	0	0
110	0	0	0	0	0	0	0
0	0	0	0	110	0	0	0
110	0	0	0	0	0	0	0
0	0	0	0	0	110	0	0
0	110	0	0	0	0	0	0
0	0	0	0	110	0	0	0
0	0	0	0	110	0	0	0
0	0	0	0	10	100	0	0
0	0	0	0	0	110	0	0
0	110	0	0	0	0	0	0
15	0	0	0	95	0	0	0
1	0	0	0	0	109	0	0
0	110	0	0	0	0	0	0
0	1	0	0	109	0	0	0
0	0	0	0	110	0	0	0
110	0	0	0	0	0	0	0
0	0	0	0	16	94	0	0
0	0	0	0	0	110	0	0
0	0	0	0	0	110	0	0
11	1	0	0	11	87	0	0
31	78	0	0	1	0	0	0
1	0	0	0	0	0	109	0
110	0	0	0	0	0	0	0
1	0	0	0	2	107	0	0
0	0	0	0	110	0	0	0
0	0	0	0	1	109	0	0
0	0	0	0	31	79	0	0
0	0	0	0	106	4	0	0
110	0	0	0	0	0	0	0
79	31	0	0	0	0	0	0
0	0	0	0	110	0	0	0
0	0	0	0	0	110	0	0
3	107	0	0	0	0	0	0
110	0	0	0	0	0	0	0
0	110	0	0	0	0	0	0
2	58	0	0	49	1	0	0
110	0	0	0	0	0	0	0
0	110	0	0	0	0	0	0
84	16	0	0	10	0	0	0
110	0	0	0	0	0	0	0
110	0	0	0	0	0	0	0
13	97	0	0	0	0	0	0
0	0	0	0	110	0	0	0
0	0	0	0	0	110	0	0
31	79	0	0	0	0	0	0
110	0	0	0	0	0	0	0
110	0	0	0	0	0	0	0
103	7	0	0	0	0	0	0
0	0	0	0	0	110	0	0
0	0	0	0	0	110	0	0
98	10	0	0	2	0	0	0
0	0	0	0	0	110	0	0
0	0	0	0	0	110	0	0
0	7	0	0	8	95	0	0
109	1	0	0	0	0	0	0
110	0	0	0	0	0	0	0
9	101	0	0	0	0	0	0
0	0	0	0	110	0	0	0
1	109	0	0	0	0	0	0
27	63	0	1	17	1	1	0
110	0	0	0	0	0	0	0
110	0	0	0	0	0	0	0
14	96	0	0	0	0	0	0
0	0	0	0	110	0	0	0
0	0	0	0	110	0	0	0
0	0	0	0	109	1	0	0
0	0	0	0	110	0	0	0
0	0	0	0	0	110	0	0
0	0	0	0	58	52	0	0
0	0	0	0	110	0	0	0
0	110	0	0	0	0	0	0
1	1	0	0	106	2	0	0
0	0	0	0	110	0	0	0
0	0	0	0	0	110	0	0
14	96	0	0	0	0	0	0
0	0	0	0	0	110	0	0
0	0	0	0	0	110	0	0
0	12	0	0	81	17	0	0
110	0	0	0	0	0	0	0
0	110	0	0	0	0	0	0
0	2	0	0	102	6	0	0
110	0	0	0	0	0	0	0
0	110	0	0	0	0	0	0
35	0	0	0	75	0	0	0
0	0	0	0	18	92	0	0
99	11	0	0	0	0	0	0
68	41	0	0	1	0	0	0
0	0	0	0	110	0	0	0
0	0	0	0	110	0	0	0
0	0	0	0	13	97	0	0
0	0	0	0	110	0	0	0
0	0	0	0	97	13	0	0
0	0	0	0	94	16	0	0
0	0	0	0	0	110	0	0
0	0	0	0	110	0	0	0
0	0	0	0	97	13	0	0
0	0	0	0	0	110	0	0
0	0	0	0	110	0	0	0
0	0	0	0	97	13	0	0
0	0	0	0	0	110	0	0
0	0	0	0	110	0	0	0
0	1	0	0	100	9	0	0
0	1	0	0	11	98	0	0
110	0	0	0	0	0	0	0
3	0	0	0	12	95	0	0
0	110	0	0	0	0	0	0
110	0	0	0	0	0	0	0
23	63	0	0	24	0	0	0
0	0	0	0	110	0	0	0
0	110	0	0	0	0	0	0
1	0	0	0	12	97	0	0
0	0	0	0	0	110	0	0
0	0	0	0	0	110	0	0
0	109	0	0	0	1	0	0
0	0	0	0	110	0	0	0
0	0	0	0	110	0	0	0
23	87	0	0	0	0	0	0
0	110	0	0	0	0	0	0
110	0	0	0	0	0	0	0
5	104	0	0	1	0	0	0
0	110	0	0	0	0	0	0
0	0	0	0	110	0	0	0
0	0	0	0	106	4	0	0
0	0	0	0	110	0	0	0
0	110	0	0	0	0	0	0
0	0	0	0	110	0	0	0
24	85	0	0	1	0	0	0
110	0	0	0	0	0	0	0
0	0	0	0	2	108	0	0
0	0	0	0	110	0	0	0
0	0	0	0	101	9	0	0
0	0	0	0	100	10	0	0
7	0	0	0	102	1	0	0
110	0	0	0	0	0	0	0
0	0	0	0	108	2	0	0
0	0	0	0	110	0	0	0
0	0	0	0	3	107	0	0
0	0	0	0	107	3	0	0
0	0	0	0	0	110	0	0
110	0	0	0	0	0	0	0
0	0	0	0	86	24	0	0
0	110	0	0	0	0	0	0
0	0	0	0	110	0	0	0
104	6	0	0	0	0	0	0
0	0	0	0	0	110	0	0
0	0	0	0	110	0	0	0
0	0	0	0	94	16	0	0
0	0	0	0	0	110	0	0
0	0	0	0	0	110	0	0
0	0	0	0	67	43	0	0
110	0	0	0	0	0	0	0
1	0	0	0	109	0	0	0
98	12	0	0	0	0	0	0
0	0	0	0	0	110	0	0
0	0	0	0	110	0	0	0
0	0	0	0	69	41	0	0
0	0	0	0	0	110	0	0
0	0	0	0	110	0	0	0
0	0	0	0	97	13	0	0
110	0	0	0	0	0	0	0
110	0	0	0	0	0	0	0
10	100	0	0	0	0	0	0
0	0	0	0	109	1	0	0
0	110	0	0	0	0	0	0
0	0	0	0	109	1	0	0
0	2	0	0	107	1	0	0
110	0	0	0	0	0	0	0
0	0	0	0	4	106	0	0
0	0	0	0	0	110	0	0
110	0	0	0	0	0	0	0
35	63	0	0	5	7	0	0
0	0	0	0	0	110	0	0
0	0	0	0	0	110	0	0
0	0	0	0	2	108	0	0
0	0	0	0	110	0	0	0
0	0	0	0	24	86	0	0
0	0	0	0	108	2	0	0
0	0	0	0	110	0	0	0
0	0	0	0	1	109	0	0
0	0	0	0	99	11	0	0
0	0	0	0	0	110	0	0
0	110	0	0	0	0	0	0
0	0	0	0	109	1	0	0
0	0	0	0	110	0	0	0
0	110	0	0	0	0	0	0
2	1	0	0	104	3	0	0
0	0	0	0	0	110	0	0
0	110	0	0	0	0	0	0
108	1	0	0	0	1	0	0
0	0	0	0	110	0	0	0
110	0	0	0	0	0	0	0
86	3	0	0	21	0	0	0
1	109	0	0	0	0	0	0
110	0	0	0	0	0	0	0
1	97	0	0	12	0	0	0
0	2	0	0	108	0	0	0
0	0	0	0	1	109	0	0
0	0	0	0	110	0	0	0
0	0	0	0	110	0	0	0
0	0	0	0	110	0	0	0
0	0	0	0	64	46	0	0
0	0	0	0	0	110	0	0
0	110	0	0	0	0	0	0
2	0	0	0	107	1	0	0
0	0	0	0	110	0	0	0
0	110	0	0	0	0	0	0
12	95	0	0	3	0	0	0
0	0	0	0	110	0	0	0
0	0	0	0	0	110	0	0
0	0	0	0	23	87	0	0
0	1	0	0	109	0	0	0
0	0	0	0	0	110	0	0
0	0	0	0	96	14	0	0
105	5	0	0	0	0	0	0
110	0	0	0	0	0	0	0
0	0	0	0	4	106	0	0
0	0	0	0	84	26	0	0
110	0	0	0	0	0	0	0
29	78	0	0	3	0	0	0
0	110	0	0	0	0	0	0
0	0	0	0	110	0	0	0
0	0	0	0	29	81	0	0
90	20	0	0	0	0	0	0
110	0	0	0	0	0	0	0
0	9	0	0	80	21	0	0
0	0	0	0	110	0	0	0
110	0	0	0	0	0	0	0
1	0	0	0	109	0	0	0
0	0	0	0	1	109	0	0
110	0	0	0	0	0	0	0
0	0	0	0	88	22	0	0
0	0	0	0	110	0	0	0
0	0	0	0	0	110	0	0
94	16	0	0	0	0	0	0
0	0	0	0	0	110	0	0
0	0	0	0	0	110	0	0
0	0	0	0	29	81	0	0
0	1	0	0	109	0	0	0
0	0	0	0	12	98	0	0
0	0	0	0	98	12	0	0
0	0	0	0	1	109	0	0
0	0	0	0	110	0	0	0
22	88	0	0	0	0	0	0
0	0	0	0	0	110	0	0
0	0	0	0	110	0	0	0
33	2	0	0	22	53	0	0
0	110	0	0	0	0	0	0
0	0	0	0	110	0	0	0
0	0	0	0	40	70	0	0
109	0	0	0	0	1	0	0
0	110	0	0	0	0	0	0
0	0	0	0	103	7	0	0
0	0	0	0	109	1	0	0
110	0	0	0	0	0	0	0
100	0	0	0	10	0	0	0
0	0	0	0	0	110	0	0
0	110	0	0	0	0	0	0
96	11	0	0	2	1	0	0
0	0	0	0	0	110	0	0
0	0	0	0	109	1	0	0
0	0	0	0	15	95	0	0
0	0	0	0	0	110	0	0
2	108	0	0	0	0	0	0
0	0	0	0	110	0	0	0
1	0	0	0	108	1	0	0
109	1	0	0	0	0	0	0
0	0	0	0	110	0	0	0
0	0	0	0	110	0	0	0
110	0	0	0	0	0	0	0
92	18	0	0	0	0	0	0
0	0	0	0	0	110	0	0
109	1	0	0	0	0	0	0
19	0	0	0	6	85	0	0
0	0	0	0	0	110	0	0
0	110	0	0	0	0	0	0
10	99	0	0	1	0	0	0
0	0	0	0	110	0	0	0
110	0	0	0	0	0	0	0
0	0	0	0	0	110	0	0
0	0	0	0	1	109	0	0
110	0	0	0	0	0	0	0
1	0	0	0	83	26	0	0
110	0	0	0	0	0	0	0
110	0	0	0	0	0	0	0
91	19	0	0	0	0	0	0
110	0	0	0	0	0	0	0
0	110	0	0	0	0	0	0
0	0	0	0	109	1	0	0
0	110	0	0	0	0	0	0
0	0	0	0	110	0	0	0
0	0	0	0	95	15	0	0
0	0	0	0	0	110	0	0
0	0	0	0	110	0	0	0
0	0	0	0	20	90	0	0
0	0	0	0	0	110	0	0
0	0	0	0	110	0	0	0
110	0	0	0	0	0	0	0
103	7	0	0	0	0	0	0
0	0	0	0	0	110	0	0
11	99	0	0	0	0	0	0
0	0	0	0	108	2	0	0
110	0	0	0	0	0	0	0
0	0	0	0	0	110	0	0
0	0	0	0	108	2	0	0
110	0	0	0	0	0	0	0
0	86	0	0	24	0	0	0
0	0	0	0	110	0	0	0
0	0	0	0	110	0	0	0
0	0	0	0	15	95	0	0
1	0	0	0	0	109	0	0
0	110	0	0	0	0	0	0
2	2	0	0	105	1	0	0
0	0	0	0	0	110	0	0
110	0	0	0	0	0	0	0
108	2	0	0	0	0	0	0
0	0	0	0	110	0	0	0
0	0	0	0	0	110	0	0
0	0	0	0	25	85	0	0
0	0	0	0	1	109	0	0
0	0	0	0	0	110	0	0
25	80	0	0	4	1	0	0
0	0	0	0	0	110	0	0
0	0	0	0	110	0	0	0
97	13	0	0	0	0	0	0
7	103	0	0	0	0	0	0
110	0	0	0	0	0	0	0
7	0	0	0	6	97	0	0
0	0	0	0	110	0	0	0
0	0	0	0	110	0	0	0
24	86	0	0	0	0	0	0
110	0	0	0	0	0	0	0
110	0	0	0	0	0	0	0
96	14	0	0	0	0	0	0
0	0	0	0	0	110	0	0
110	0	0	0	0	0	0	0
8	102	0	0	0	0	0	0
0	0	0	0	110	0	0	0
0	0	0	0	110	0	0	0
92	18	0	0	0	0	0	0
0	0	0	0	110	0	0	0
0	0	0	0	0	110	0	0
0	0	0	0	15	95	0	0
0	0	0	0	0	110	0	0
1	109	0	0	0	0	0	0
0	0	0	0	100	10	0	0
0	0	0	0	110	0	0	0
0	0	0	0	110	0	0	0
20	90	0	0	0	0	0	0
0	110	0	0	0	0	0	0
0	0	0	0	110	0	0	0
0	0	0	0	13	97	0	0
0	105	0	0	5	0	0	0
0	0	0	0	0	110	0	0
0	0	0	0	84	26	0	0
24	86	0	0	0	0	0	0
110	0	0	0	0	0	0	0
0	0	0	0	2	108	0	0
0	0	0	0	110	0	0	0
0	0	0	0	110	0	0	0
85	25	0	0	0	0	0	0
0	110	0	0	0	0	0	0
0	110	0	0	0	0	0	0
2	97	0	0	11	0	0	0
0	0	0	0	110	0	0	0
110	0	0	0	0	0	0	0
0	0	0	0	0	110	0	0
0	110	0	0	0	0	0	0
0	0	0	0	110	0	0	0
15	95	0	0	0	0	0	0
0	110	0	0	0	0	0	0
0	0	0	0	110	0	0	0
0	0	0	0	95	15	0	0
1	109	0	0	0	0	0	0
110	0	0	0	0	0	0	0
12	83	0	0	15	0	0	0
99	11	0	0	0	0	0	0
110	0	0	0	0	0	0	0
0	0	0	0	26	84	0	0
0	0	0	0	110	0	0	0
0	0	0	0	0	110	0	0
0	0	0	0	6	104	0	0
0	110	0	0	0	0	0	0
0	0	0	0	110	0	0	0
108	2	0	0	0	0	0	0
110	0	0	0	0	0	0	0
110	0	0	0	0	0	0	0
18	92	0	0	0	0	0	0
0	110	0	0	0	0	0	0
0	0	0	0	110	0	0	0
0	0	0	0	99	11	0	0
0	0	0	0	110	0	0	0
0	0	0	0	110	0	0	0
0	0	0	0	63	47	0	0
0	0	0	0	0	110	0	0
0	0	0	0	110	0	0	0
109	1	0	0	0	0	0	0
0	0	0	0	0	110	0	0
0	110	0	0	0	0	0	0
14	0	0	0	87	9	0	0
0	0	0	0	110	0	0	0
0	0	0	0	109	1	0	0
0	0	0	0	109	1	0	0
0	0	0	0	8	102	0	0
110	0	0	0	0	0	0	0
7	2	0	0	3	98	0	0
0	110	0	0	0	0	0	0
110	0	0	0	0	0	0	0
86	19	0	0	0	5	0	0
109	1	0	0	0	0	0	0
110	0	0	0	0	0	0	0
22	88	0	0	0	0	0	0
0	110	0	0	0	0	0	0
0	0	0	0	110	0	0	0
0	0	0	0	23	87	0	0
0	0	0	0	110	0	0	0
0	0	0	0	110	0	0	0
23	87	0	0	0	0	0	0
110	0	0	0	0	0	0	0
0	0	0	0	0	110	0	0
0	0	0	0	0	110	0	0
0	0	0	0	0	110	0	0
0	0	0	0	0	110	0	0
0	0	0	0	69	41	0	0
0	0	0	0	97	13	0	0
102	8	0	0	0	0	0	0
107	2	0	0	1	0	0	0
0	0	0	0	0	110	0	0
0	0	0	0	110	0	0	0
0	0	0	0	106	4	0	0
23	83	0	0	4	0	0	0
1	100	0	0	9	0	0	0
6	103	0	0	1	0	0	0
0	0	0	0	110	0	0	0
110	0	0	0	0	0	0	0
4	94	0	0	12	0	0	0
0	0	0	0	0	110	0	0
0	0	0	0	110	0	0	0
4	105	0	0	1	0	0	0
0	0	0	0	110	0	0	0
1	0	0	0	37	72	0	0
107	3	0	0	0	0	0	0
0	0	0	0	1	109	0	0
110	0	0	0	0	0	0	0
11	0	0	0	37	62	0	0
0	0	0	0	110	0	0	0
110	0	0	0	0	0	0	0
0	0	0	0	0	110	0	0
0	0	0	0	0	110	0	0
0	0	0	0	0	110	0	0
0	0	0	0	107	3	0	0
0	0	0	0	110	0	0	0
110	0	0	0	0	0	0	0
0	0	0	0	0	110	0	0
0	0	0	0	97	13	0	0
109	0	0	0	0	1	0	0
24	79	0	0	7	0	0	0
0	0	0	0	0	110	0	0
0	0	0	0	0	110	0	0
2	0	0	0	58	50	0	0
0	1	0	0	97	12	0	0
110	0	0	0	0	0	0	0
0	0	0	0	108	2	0	0
81	28	0	0	1	0	0	0
110	0	0	0	0	0	0	0
2	4	0	0	25	79	0	0
0	110	0	0	0	0	0	0
0	110	0	0	0	0	0	0
73	26	0	0	11	0	0	0
0	0	0	0	0	110	0	0
0	0	0	0	110	0	0	0
77	33	0	0	0	0	0	0
12	0	0	0	98	0	0	0
110	0	0	0	0	0	0	0
0	0	0	0	12	98	0	0
0	0	0	0	106	4	0	0
5	105	0	0	0	0	0	0
15	94	0	0	1	0	0	0
0	110	0	0	0	0	0	0
0	110	0	0	0	0	0	0
2	0	0	0	107	1	0	0
0	0	0	0	110	0	0	0
0	0	0	0	0	110	0	0
5	105	0	0	0	0	0	0
0	0	0	0	108	2	0	0
1	109	0	0	0	0	0	0
11	4	0	0	11	84	0	0
0	0	0	0	0	110	0	0
0	0	0	0	110	0	0	0
0	0	0	0	66	44	0	0
0	0	0	0	109	1	0	0
98	2	0	0	9	1	0	0
0	0	0	0	13	97	0	0
110	0	0	0	0	0	0	0
0	110	0	0	0	0	0	0
0	0	0	0	34	76	0	0
0	87	0	0	23	0	0	0
110	0	0	0	0	0	0	0
1	0	0	0	1	108	0	0
0	0	0	0	110	0	0	0
0	0	0	0	0	110	0	0
0	0	0	0	85	25	0	0
1	0	0	0	1	108	0	0
0	0	0	0	0	110	0	0
35	1	0	0	22	52	0	0
0	0	0	0	106	4	0	0
110	0	0	0	0	0	0	0
1	0	0	0	107	2	0	0
0	0	0	0	110	0	0	0
0	0	0	0	0	110	0	0
0	0	0	0	108	2	0	0
0	0	0	0	14	96	0	0
110	0	0	0	0	0	0	0
3	107	0	0	0	0	0	0
0	0	0	0	110	0	0	0
0	0	0	0	0	110	0	0
3	107	0	0	0	0	0	0
0	0	0	0	110	0	0	0
0	0	0	0	108	2	0	0
0	0	0	0	101	9	0	0
0	0	0	0	110	0	0	0
108	2	0	0	0	0	0	0
0	0	0	0	0	110	0	0
0	0	0	0	0	110	0	0
0	0	0	0	0	110	0	0
8	1	0	0	86	15	0	0
0	0	0	0	0	110	0	0
110	0	0	0	0	0	0	0
0	0	0	0	86	24	0	0
0	0	0	0	0	110	0	0
0	0	0	0	110	0	0	0
106	4	0	0	0	0	0	0
0	0	0	0	0	110	0	0
0	0	0	0	110	0	0	0
0	0	0	0	94	16	0	0
110	0	0	0	0	0	0	0
0	0	0	0	110	0	0	0
73	37	0	0	0	0	0	0
110	0	0	0	0	0	0	0
0	110	0	0	0	0	0	0
0	108	0	0	2	0	0	0
0	0	0	0	109	1	0	0
0	0	0	0	0	110	0	0
47	63	0	0	0	0	0	0
0	0	0	0	110	0	0	0
0	110	0	0	0	0	0	0
0	0	0	0	13	97	0	0
0	0	0	0	0	110	0	0
0	0	0	0	110	0	0	0
0	0	0	0	5	105	0	0
0	0	0	0	110	0	0	0
0	0	0	0	0	110	0	0
0	0	0	0	89	21	0	0
0	0	0	0	1	109	0	0
110	0	0	0	0	0	0	0
1	0	0	0	11	98	0	0
0	0	0	0	2	108	0	0
110	0	0	0	0	0	0	0
0	0	0	0	70	40	0	0
0	0	0	0	0	110	0	0
110	0	0	0	0	0	0	0
9	0	0	0	17	84	0	0
0	0	0	0	110	0	0	0
0	0	0	0	1	109	0	0
15	95	0	0	0	0	0	0
0	0	0	0	110	0	0	0
110	0	0	0	0	0	0	0
108	1	0	0	1	0	0	0
0	0	0	0	0	110	0	0
0	0	0	0	110	0	0	0
25	85	0	0	0	0	0	0
0	109	0	0	1	0	0	0
0	0	0	0	0	110	0	0
11	1	0	0	86	12	0	0
110	0	0	0	0	0	0	0
109	0	0	0	1	0	0	0
108	2	0	0	0	0	0	0
107	3	0	0	0	0	0	0
110	0	0	0	0	0	0	0
0	0	0	0	33	77	0	0
0	0	0	0	110	0	0	0
0	0	0	0	0	110	0	0
0	0	0	0	60	50	0	0
0	0	0	0	0	110	0	0
110	0	0	0	0	0	0	0
93	5	0	0	12	0	0	0
0	82	0	0	28	0	0	0
0	0	0	0	0	110	0	0
0	1	0	0	60	49	0	0
0	0	0	0	0	110	0	0
0	0	0	0	110	0	0	0
87	23	0	0	0	0	0	0
0	110	0	0	0	0	0	0
0	0	0	0	110	0	0	0
0	0	0	0	101	9	0	0
0	90	0	0	20	0	0	0
7	0	0	0	15	88	0	0
9	0	0	0	99	2	0	0
0	0	0	0	0	110	0	0
0	0	0	0	0	110	0	0
0	0	0	0	4	106	0	0
0	0	0	0	110	0	0	0
0	0	0	0	110	0	0	0
18	92	0	0	0	0	0	0
0	0	0	0	8	102	0	0
110	0	0	0	0	0	0	0
2	0	0	0	91	17	0	0
23	87	0	0	0	0	0	0
110	0	0	0	0	0	0	0
1	0	0	0	106	3	0	0
107	3	0	0	0	0	0	0
110	0	0	0	0	0	0	0
0	0	0	0	11	99	0	0
110	0	0	0	0	0	0	0
0	110	0	0	0	0	0	0
75	35	0	0	0	0	0	0
0	110	0	0	0	0	0	0
0	110	0	0	0	0	0	0
28	81	0	0	1	0	0	0
0	0	0	0	0	110	0	0
0	0	0	0	110	0	0	0
0	0	0	0	99	11	0	0
0	0	0	0	0	110	0	0
0	0	0	0	110	0	0	0
0	0	0	0	24	86	0	0
0	0	0	0	0	110	0	0
110	0	0	0	0	0	0	0
6	104	0	0	0	0	0	0
0	0	0	0	110	0	0	0
0	0	0	0	0	110	0	0
35	75	0	0	0	0	0	0
0	0	0	0	0	110	0	0
0	0	0	0	110	0	0	0
0	0	0	0	41	69	0	0
0	0	0	0	110	0	0	0
0	110	0	0	0	0	0	0
1	0	0	0	92	17	0	0
0	110	0	0	0	0	0	0
0	0	0	0	110	0	0	0
0	0	0	0	50	59	0	1
0	0	0	0	0	110	0	0
0	0	0	0	0	110	0	0
0	0	0	0	94	16	0	0
0	0	0	0	110	0	0	0
1	107	0	0	2	0	0	0
80	1	0	0	12	17	0	0
0	0	0	0	0	110	0	0
0	0	0	0	110	0	0	0
0	0	0	0	22	88	0	0
0	0	0	0	110	0	0	0
0	0	0	0	100	10	0	0
0	0	0	0	68	42	0	0
100	10	0	0	0	0	0	0
110	0	0	0	0	0	0	0
0	0	0	0	3	107	0	0
0	0	0	0	110	0	0	0
0	110	0	0	0	0	0	0
0	3	0	0	94	13	0	0
0	0	0	0	110	0	0	0
110	0	0	0	0	0	0	0
0	0	0	0	110	0	0	0
0	0	0	0	110	0	0	0
0	110	0	0	0	0	0	0
108	1	0	0	1	0	0	0
110	0	0	0	0	0	0	0
0	0	0	0	110	0	0	0
104	6	0	0	0	0	0	0
110	0	0	0	0	0	0	0
0	110	0	0	0	0	0	0
2	0	0	0	26	82	0	0
110	0	0	0	0	0	0	0
0	110	0	0	0	0	0	0
0	0	0	0	85	25	0	0
109	1	0	0	0	0	0	0
0	110	0	0	0	0	0	0
0	0	0	0	100	10	0	0
0	0	0	0	110	0	0	0
110	0	0	0	0	0	0	0
0	0	0	0	0	110	0	0
0	0	0	0	110	0	0	0
110	0	0	0	0	0	0	0
0	0	0	0	0	110	0	0
110	0	0	0	0	0	0	0
0	0	0	0	0	110	0	0
0	0	0	0	0	110	0	0
0	0	0	0	0	110	0	0
0	0	0	0	110	0	0	0
0	0	0	0	8	102	0	0
0	0	0	0	100	10	0	0
110	0	0	0	0	0	0	0
20	87	0	0	3	0	0	0
0	0	0	0	110	0	0	0
0	0	0	0	110	0	0	0
92	18	0	0	0	0	0	0
0	0	0	0	0	110	0	0
0	0	0	0	0	110	0	0
75	26	0	0	1	8	0	0
0	109	0	0	0	1	0	0
0	110	0	0	0	0	0	0
109	0	0	0	1	0	0	0
0	0	0	0	0	110	0	0
0	0	0	0	110	0	0	0
0	0	0	0	11	99	0	0
110	0	0	0	0	0	0	0
0	110	0	0	0	0	0	0
1	0	0	0	94	15	0	0
0	0	0	0	1	109	0	0
110	0	0	0	0	0	0	0
6	2	0	0	11	91	0	0
25	85	0	0	0	0	0	0
110	0	0	0	0	0	0	0
0	0	0	0	19	91	0	0
0	0	0	0	3	107	0	0
110	0	0	0	0	0	0	0
4	91	0	0	4	11	0	0
0	0	0	0	110	0	0	0
0	0	0	0	110	0	0	0
21	89	0	0	0	0	0	0
0	0	0	0	110	0	0	0
0	110	0	0	0	0	0	0
83	26	0	0	1	0	0	0
110	0	0	0	0	0	0	0
0	0	0	0	110	0	0	0
92	18	0	0	0	0	0	0
0	110	0	0	0	0	0	0
0	0	0	0	110	0	0	0
0	0	0	0	85	25	0	0
110	0	0	0	0	0	0	0
0	0	0	0	0	110	0	0
0	0	0	0	0	110	0	0
0	0	0	0	109	1	0	0
110	0	0	0	0	0	0	0
22	70	1	0	17	0	0	0
0	0	0	0	110	0	0	0
110	0	0	0	0	0	0	0
1	39	0	0	70	0	0	0
0	1	0	0	109	0	0	0
0	0	0	0	0	110	0	0
0	0	0	0	21	89	0	0
0	0	0	0	110	0	0	0
0	0	0	0	110	0	0	0
14	96	0	0	0	0	0	0
110	0	0	0	0	0	0	0
0	0	0	0	0	110	0	0
0	0	0	0	0	110	0	0
0	0	0	0	0	110	0	0
0	0	0	0	110	0	0	0
0	0	0	0	105	5	0	0
0	0	0	0	101	9	0	0
17	25	0	0	3	65	0	0
67	43	0	0	0	0	0	0
66	2	0	0	1	41	0	0
110	0	0	0	0	0	0	0
15	6	0	0	2	87	0	0
0	0	0	0	110	0	0	0
0	0	0	0	110	0	0	0
0	0	0	0	106	4	0	0
0	0	0	0	110	0	0	0
110	0	0	0	0	0	0	0
107	2	0	0	1	0	0	0
0	110	0	0	0	0	0	0
0	0	0	0	110	0	0	0
0	0	0	0	97	13	0	0
110	0	0	0	0	0	0	0
0	0	0	0	0	110	0	0
0	0	0	0	0	110	0	0
110	0	0	0	0	0	0	0
0	110	0	0	0	0	0	0
9	0	0	0	92	9	0	0
0	110	0	0	0	0	0	0
0	0	0	0	110	0	0	0
0	0	0	0	70	40	0	0
0	0	0	0	9	101	0	0
0	0	0	0	110	0	0	0
86	24	0	0	0	0	0	0
0	110	0	0	0	0	0	0
0	110	0	0	0	0	0	0
17	89	0	0	4	0	0	0
0	0	0	0	101	9	0	0
0	110	0	0	0	0	0	0
3	2	0	0	41	64	0	0
1	0	0	0	108	1	0	0
109	1	0	0	0	0	0	0
0	0	0	0	0	110	0	0
97	13	0	0	0	0	0	0
110	0	0	0	0	0	0	0
0	0	0	0	90	20	0	0
110	0	0	0	0	0	0	0
0	0	0	0	110	0	0	0
2	108	0	0	0	0	0	0
0	0	0	0	110	0	0	0
0	0	0	0	110	0	0	0
15	95	0	0	0	0	0	0
0	0	0	0	110	0	0	0
0	0	0	0	107	3	0	0
0	0	0	0	110	0	0	0
18	0	0	0	91	1	0	0
110	0	0	0	0	0	0	0
0	0	0	0	0	110	0	0
0	0	0	0	0	110	0	0
0	0	0	0	110	0	0	0
0	0	0	0	109	1	0	0
110	0	0	0	0	0	0	0
110	0	0	0	0	0	0	0
109	1	0	0	0	0	0	0
0	0	0	0	0	110	0	0
0	0	0	0	110	0	0	0
0	0	0	0	107	3	0	0
0	110	0	0	0	0	0	0
0	110	0	0	0	0	0	0
0	0	0	0	106	4	0	0
110	0	0	0	0	0	0	0
110	0	0	0	0	0	0	0
45	65	0	0	0	0	0	0
0	110	0	0	0	0	0	0
0	0	0	0	110	0	0	0
0	0	0	0	15	95	0	0
110	0	0	0	0	0	0	0
0	110	0	0	0	0	0	0
107	3	0	0	0	0	0	0
21	89	0	0	0	0	0	0
110	0	0	0	0	0	0	0
88	0	0	0	10	12	0	0
0	0	0	0	2	108	0	0
110	0	0	0	0	0	0	0
18	92	0	0	0	0	0	0
0	110	0	0	0	0	0	0
0	110	0	0	0	0	0	0
94	15	0	0	0	1	0	0
0	0	0	0	110	0	0	0
0	0	0	0	106	4	0	0
0	0	0	0	10	100	0	0
0	0	0	0	0	110	0	0
0	110	0	0	0	0	0	0
7	14	0	0	83	6	0	0
1	0	0	0	97	12	0	0
8	102	0	0	0	0	0	0
10	88	0	0	12	0	0	0
0	0	0	0	110	0	0	0
0	0	0	0	0	110	0	0
0	0	0	0	107	3	0	0
0	0	0	0	95	15	0	0
0	0	0	0	0	110	0	0
69	41	0	0	0	0	0	0
0	110	0	0	0	0	0	0
0	0	0	0	21	89	0	0
61	0	0	0	26	23	0	0
110	0	0	0	0	0	0	0
0	0	0	0	110	0	0	0
2	108	0	0	0	0	0	0
0	0	0	0	110	0	0	0
0	0	0	0	0	110	0	0
108	2	0	0	0	0	0	0
0	0	0	0	0	110	0	0
0	0	0	0	0	110	0	0
1	0	0	0	87	22	0	0
110	0	0	0	0	0	0	0
110	0	0	0	0	0	0	0
25	85	0	0	0	0	0	0
0	0	0	0	0	110	0	0
110	0	0	0	0	0	0	0
0	9	0	0	23	78	0	0
0	0	0	0	110	0	0	0
0	0	0	0	0	110	0	0
0	0	0	0	27	83	0	0
0	0	0	0	105	5	0	0
0	110	0	0	0	0	0	0
10	11	0	0	89	0	0	0
6	104	0	0	0	0	0	0
110	0	0	0	0	0	0	0
0	0	0	0	30	80	0	0
110	0	0	0	0	0	0	0
110	0	0	0	0	0	0	0
2	108	0	0	0	0	0	0
0	110	0	0	0	0	0	0
0	0	0	0	110	0	0	0
0	0	0	0	22	88	0	0
0	110	0	0	0	0	0	0
0	0	0	0	110	0	0	0
0	0	0	0	102	8	0	0
0	0	0	0	110	0	0	0
110	0	0	0	0	0	0	0
0	0	0	0	0	110	0	0
0	84	0	0	26	0	0	0
0	0	0	0	0	110	0	0
0	0	0	0	21	89	0	0
0	0	0	0	0	110	0	0
0	0	0	0	110	0	0	0
101	9	0	0	0	0	0	0
0	0	0	0	0	110	0	0
110	0	0	0	0	0	0	0
1	0	0	0	11	98	0	0
0	106	0	0	4	0	0	0
110	0	0	0	0	0	0	0
110	0	0	0	0	0	0	0
0	0	0	0	0	110	0	0
0	0	0	0	0	110	0	0
0	0	0	0	82	28	0	0
0	0	0	0	110	0	0	0
0	110	0	0	0	0	0	0
0	1	0	0	102	7	0	0
110	0	0	0	0	0	0	0
110	0	0	0	0	0	0	0
110	0	0	0	0	0	0	0
0	0	0	0	0	110	0	0
0	0	0	0	110	0	0	0
38	72	0	0	0	0	0	0
0	0	0	0	110	0	0	0
0	110	0	0	0	0	0	0
93	11	0	0	5	1	0	0
0	0	0	0	2	108	0	0
98	12	0	0	0	0	0	0
13	97	0	0	0	0	0	0
0	110	0	0	0	0	0	0
0	0	0	0	110	0	0	0
0	0	0	0	88	22	0	0
0	0	0	0	109	1	0	0
110	0	0	0	0	0	0	0
0	0	0	0	110	0	0	0
0	0	0	0	110	0	0	0
110	0	0	0	0	0	0	0
0	0	0	0	110	0	0	0
0	0	0	0	110	0	0	0
0	0	0	0	110	0	0	0
0	0	0	0	98	12	0	0
0	110	0	0	0	0	0	0
110	0	0	0	0	0	0	0
105	4	0	0	1	0	0	0
0	110	0	0	0	0	0	0
110	0	0	0	0	0	0	0
1	106	0	0	3	0	0	0
0	110	0	0	0	0	0	0
0	110	0	0	0	0	0	0
12	93	0	0	2	3	0	0
110	0	0	0	0	0	0	0
110	0	0	0	0	0	0	0
108	2	0	0	0	0	0	0
0	0	0	0	0	110	0	0
0	110	0	0	0	0	0	0
88	1	0	0	21	0	0	0
0	0	0	0	0	110	0	0
0	110	0	0	0	0	0	0
105	5	0	0	0	0	0	0
0	0	0	0	0	110	0	0
0	110	0	0	0	0	0	0
103	7	0	0	0	0	0	0
0	110	0	0	0	0	0	0
0	110	0	0	0	0	0	0
1	0	0	0	107	2	0	0
0	110	0	0	0	0	0	0
0	110	0	0	0	0	0	0
0	0	0	0	46	64	0	0
0	0	0	0	21	89	0	0
0	0	0	0	109	1	0	0
0	0	0	0	97	13	0	0
0	110	0	0	0	0	0	0
0	0	0	0	110	0	0	0
0	0	0	0	22	88	0	0
0	0	0	0	110	0	0	0
0	0	0	0	1	109	0	0
96	14	0	0	0	0	0	0
0	0	0	0	110	0	0	0
0	0	0	0	0	110	0	0
0	0	0	0	22	88	0	0
1	0	0	0	109	0	0	0
110	0	0	0	0	0	0	0
0	0	0	0	2	108	0	0
0	110	0	0	0	0	0	0
0	0	0	0	110	0	0	0
0	0	0	0	32	78	0	0
110	0	0	0	0	0	0	0
110	0	0	0	0	0	0	0
49	61	0	0	0	0	0	0
110	0	0	0	0	0	0	0
0	110	0	0	0	0	0	0
17	92	0	0	1	0	0	0
110	0	0	0	0	0	0	0
0	110	0	0	0	0	0	0
15	1	0	0	55	39	0	0
25	85	0	0	0	0	0	0
110	0	0	0	0	0	0	0
1	9	0	0	11	89	0	0
0	0	0	0	108	2	0	0
2	107	0	0	0	1	0	0
100	10	0	0	0	0	0	0
0	0	0	0	0	110	0	0
110	0	0	0	0	0	0	0
0	0	0	0	12	98	0	0
0	0	0	0	110	0	0	0
0	0	0	0	110	0	0	0
106	4	0	0	0	0	0	0
0	0	0	0	0	110	0	0
110	0	0	0	0	0	0	0
2	1	0	0	17	90	0	0
0	0	0	0	110	0	0	0
0	0	0	0	0	110	0	0
0	0	0	0	97	13	0	0
0	0	0	0	0	110	0	0
0	0	0	0	0	110	0	0
0	0	0	0	108	2	0	0
109	0	0	0	1	0	0	0
0	110	0	0	0	0	0	0
6	0	0	0	102	2	0	0
0	0	0	0	0	110	0	0
0	0	0	0	0	110	0	0
1	0	0	0	39	70	0	0
52	37	0	0	21	0	0	0
110	0	0	0	0	0	0	0
0	0	0	0	7	103	0	0
0	0	0	0	110	0	0	0
0	0	0	0	0	110	0	0
0	0	0	0	28	82	0	0
0	0	0	0	110	0	0	0
110	0	0	0	0	0	0	0
10	0	0	0	100	0	0	0
5	105	0	0	0	0	0	0
110	0	0	0	0	0	0	0
21	0	0	0	2	87	0	0
0	0	0	0	12	98	0	0
110	0	0	0	0	0	0	0
1	0	0	0	108	1	0	0
0	0	0	0	110	0	0	0
0	0	0	0	0	110	0	0
0	0	0	0	95	15	0	0
0	0	0	0	0	110	0	0
0	0	0	0	0	110	0	0
2	107	0	0	1	0	0	0
0	0	0	0	110	0	0	0
0	0	0	0	110	0	0	0
82	28	0	0	0	0	0	0
110	0	0	0	0	0	0	0
0	110	0	0	0	0	0	0
107	2	0	0	1	0	0	0
0	110	0	0	0	0	0	0
0	110	0	0	0	0	0	0
21	7	0	0	82	0	0	0
0	0	0	0	0	110	0	0
110	0	0	0	0	0	0	0
1	1	0	0	31	77	0	0
110	0	0	0	0	0	0	0
110	0	0	0	0	0	0	0
4	106	0	0	0	0	0	0
0	0	0	0	110	0	0	0
0	0	0	0	110	0	0	0
98	12	0	0	0	0	0	0
110	0	0	0	0	0	0	0
0	1	0	0	109	0	0	0
0	110	0	0	0	0	0	0
0	0	0	0	110	0	0	0
0	0	0	0	109	1	0	0
1	109	0	0	0	0	0	0
0	0	0	0	110	0	0	0
0	0	0	0	107	3	0	0
0	0	0	0	81	29	0	0
0	0	0	0	19	91	0	0
1	98	0	0	0	11	0	0
1	21	0	0	87	1	0	0
0	0	0	0	110	0	0	0
0	108	0	0	2	0	0	0
12	98	0	0	0	0	0	0
0	0	0	0	110	0	0	0
0	0	0	0	110	0	0	0
0	0	0	0	101	9	0	0
0	17	0	0	93	0	0	0
0	0	0	0	0	110	0	0
0	0	0	0	29	81	0	0
0	110	0	0	0	0	0	0
110	0	0	0	0	0	0	0
88	13	0	0	9	0	0	0
0	0	0	0	110	0	0	0
0	110	0	0	0	0	0	0
0	0	0	0	106	4	0	0
0	0	0	0	70	40	0	0
110	0	0	0	0	0	0	0
79	31	0	0	0	0	0	0
0	110	0	0	0	0	0	0
110	0	0	0	0	0	0	0
92	7	0	0	10	1	0	0
0	0	0	0	0	110	0	0
0	0	0	0	0	110	0	0
0	0	0	0	100	10	0	0
0	0	0	0	110	0	0	0
0	0	0	0	110	0	0	0
0	0	0	0	51	59	0	0
0	0	0	0	0	110	0	0
0	0	0	0	110	0	0	0
108	2	0	0	0	0	0	0
0	0	0	0	0	110	0	0
0	110	0	0	0	0	0	0
2	7	0	0	99	2	0	0
0	0	0	0	0	110	0	0
0	0	0	0	0	110	0	0
100	10	0	0	0	0	0	0
0	0	0	0	9	101	0	0
0	110	0	0	0	0	0	0
20	0	0	0	87	3	0	0
107	3	0	0	0	0	0	0
110	0	0	0	0	0	0	0
0	0	0	0	23	87	0	0
0	0	0	0	109	1	0	0
10	88	0	0	12	0	0	0
109	0	0	0	1	0	0	0
0	0	0	0	0	110	0	0
0	0	0	0	110	0	0	0
0	18	0	0	91	1	0	0
0	0	0	0	0	110	0	0
0	0	0	0	110	0	0	0
82	28	0	0	0	0	0	0
0	110	0	0	0	0	0	0
0	110	0	0	0	0	0	0
1	0	0	0	109	0	0	0
0	0	0	0	0	110	0	0
0	0	0	0	110	0	0	0
88	22	0	0	0	0	0	0
0	0	0	0	0	110	0	0
0	0	0	0	110	0	0	0
0	0	0	0	108	2	0	0
0	0	0	0	11	99	0	0
0	0	0	0	0	110	0	0
2	92	0	0	14	2	0	0
0	0	0	0	109	1	0	0
2	108	0	0	0	0	0	0
0	1	0	0	107	2	0	0
27	0	0	0	7	76	0	0
0	105	0	0	2	3	0	0
97	8	0	0	4	1	0	0
0	0	0	0	0	110	0	0
0	0	0	0	0	110	0	0
2	0	0	0	89	19	0	0
0	0	0	0	2	108	0	0
110	0	0	0	0	0	0	0
1	0	0	0	10	99	0	0
0	0	0	0	0	110	0	0
0	0	0	0	110	0	0	0
0	0	0	0	6	104	0	0
110	0	0	0	0	0	0	0
0	110	0	0	0	0	0	0
95	14	0	0	1	0	0	0
0	0	0	0	0	110	0	0
0	110	0	0	0	0	0	0
101	9	0	0	0	0	0	0
0	0	0	0	0	110	0	0
110	0	0	0	0	0	0	0
8	97	0	0	5	0	0	0
26	84	0	0	0	0	0	0
110	0	0	0	0	0	0	0
0	0	0	0	4	106	0	0
0	0	0	0	110	0	0	0
1	0	0	0	0	109	0	0
0	0	0	0	49	61	0	0
0	0	0	0	0	110	0	0
0	0	0	0	0	110	0	0
0	2	0	0	96	12	0	0
110	0	0	0	0	0	0	0
110	0	0	0	0	0	0	0
50	60	0	0	0	0	0	0
0	110	0	0	0	0	0	0
110	0	0	0	0	0	0	0
5	105	0	0	0	0	0	0
0	0	0	0	110	0	0	0
110	0	0	0	0	0	0	0
107	3	0	0	0	0	0	0
100	2	0	0	8	0	0	0
110	0	0	0	0	0	0	0
0	0	0	0	19	91	0	0
0	0	0	0	2	108	0	0
0	0	0	0	0	110	0	0
42	67	0	0	1	0	0	0
0	0	0	0	110	0	0	0
0	0	0	0	100	10	0	0
1	0	0	0	99	10	0	0
0	0	0	0	0	110	0	0
0	0	0	0	110	0	0	0
0	0	0	0	107	3	0	0
0	0	0	0	0	110	0	0
0	0	0	0	110	0	0	0
9	101	0	0	0	0	0	0
0	0	0	0	110	0	0	0
0	0	0	0	95	15	0	0
0	0	0	0	9	101	0	0
0	0	0	0	110	0	0	0
0	0	0	0	0	110	0	0
0	0	0	0	108	2	0	0
110	0	0	0	0	0	0	0
0	0	0	0	110	0	0	0
101	9	0	0	0	0	0	0
0	0	0	0	0	110	0	0
0	0	0	0	0	110	0	0
9	80	0	0	9	12	0	0
0	110	0	0	0	0	0	0
0	110	0	0	0	0	0	0
2	0	0	0	107	1	0	0
0	0	0	0	0	110	0	0
0	110	0	0	0	0	0	0
1	0	0	0	109	0	0	0
107	3	0	0	0	0	0	0
110	0	0	0	0	0	0	0
0	0	0	0	106	4	0	0
0	0	0	0	110	0	0	0
0	0	0	0	0	110	0	0
6	104	0	0	0	0	0	0
0	0	0	0	110	0	0	0
110	0	0	0	0	0	0	0
7	103	0	0	0	0	0	0
0	0	0	0	109	1	0	0
0	1	0	0	109	0	0	0
108	2	0	0	0	0	0	0
0	0	0	0	0	110	0	0
0	0	0	0	110	0	0	0
0	0	0	0	108	2	0	0
15	95	0	0	0	0	0	0
110	0	0	0	0	0	0	0
1	0	0	0	8	101	0	0
0	0	0	0	110	0	0	0
0	0	0	0	0	110	0	0
19	90	0	0	1	0	0	0
0	0	0	0	110	0	0	0
0	0	0	0	87	23	0	0
99	11	0	0	0	0	0	0
1	109	0	0	0	0	0	0
110	0	0	0	0	0	0	0
110	0	0	0	0	0	0	0
0	0	0	0	0	110	0	0
0	110	0	0	0	0	0	0
1	0	0	0	108	1	0	0
0	0	0	0	110	0	0	0
0	0	0	0	109	1	0	0
0	0	0	0	105	5	0	0
0	0	0	0	0	110	0	0
0	0	0	0	0	110	0	0
0	0	0	0	97	13	0	0
0	0	0	0	0	110	0	0
0	0	0	0	110	0	0	0
0	0	0	0	14	96	0	0
0	0	0	0	110	0	0	0
0	0	0	0	110	0	0	0
0	0	0	0	15	95	0	0
0	0	0	0	0	110	0	0
1	109	0	0	0	0	0	0
108	1	0	0	1	0	0	0
0	0	0	0	110	0	0	0
0	0	0	0	110	0	0	0
106	4	0	0	0	0	0	0
0	0	0	0	0	110	0	0
110	0	0	0	0	0	0	0
2	0	0	0	23	85	0	0
4	106	0	0	0	0	0	0
110	0	0	0	0	0	0	0
0	0	0	0	98	12	0	0
0	0	0	0	110	0	0	0
110	0	0	0	0	0	0	0
107	3	0	0	0	0	0	0
0	0	0	0	0	110	0	0
0	0	0	0	0	110	0	0
0	0	0	0	9	101	0	0
0	110	0	0	0	0	0	0
0	0	0	0	110	0	0	0
0	0	0	0	104	6	0	0
0	0	0	0	0	110	0	0
0	0	0	0	0	110	0	0
0	0	0	0	86	24	0	0
0	0	0	0	0	110	0	0
0	0	0	0	110	0	0	0
1	109	0	0	0	0	0	0
0	0	0	0	5	105	0	0
110	0	0	0	0	0	0	0
3	0	0	0	37	70	0	0
0	0	0	0	0	110	0	0
110	0	0	0	0	0	0	0
0	0	0	0	2	108	0	0
109	1	0	0	0	0	0	0
110	0	0	0	0	0	0	0
0	0	0	0	2	108	0	0
0	0	0	0	0	110	0	0
110	0	0	0	0	0	0	0
0	0	0	0	110	0	0	0
0	0	0	0	110	0	0	0
110	0	0	0	0	0	0	0
0	0	0	0	0	110	0	0
0	0	0	0	110	0	0	0
0	0	0	0	110	0	0	0
0	0	0	0	110	0	0	0
0	110	0	0	0	0	0	0
0	0	0	0	0	110	0	0
0	0	0	0	28	82	0	0
0	0	0	0	110	0	0	0
0	0	0	0	110	0	0	0
0	0	0	0	110	0	0	0
0	108	0	0	2	0	0	0
0	0	0	0	0	110	0	0
0	0	0	0	4	106	0	0
0	0	0	0	3	107	0	0
0	0	0	0	110	0	0	0
1	109	0	0	0	0	0	0
110	0	0	0	0	0	0	0
0	110	0	0	0	0	0	0
96	3	0	0	11	0	0	0
0	0	0	0	110	0	0	0
0	0	0	0	0	110	0	0
5	105	0	0	0	0	0	0
0	0	0	0	110	0	0	0
110	0	0	0	0	0	0	0
0	0	0	0	110	0	0	0
0	110	0	0	0	0	0	0
110	0	0	0	0	0	0	0
110	0	0	0	0	0	0	0
0	0	0	0	110	0	0	0
0	110	0	0	0	0	0	0
110	0	0	0	0	0	0	0
0	0	0	0	0	110	0	0
0	0	0	0	110	0	0	0
1	109	0	0	0	0	0	0
0	0	0	0	110	0	0	0
0	0	0	0	0	110	0	0
0	110	0	0	0	0	0	0
0	110	0	0	0	0	0	0
0	0	0	0	110	0	0	0
0	0	0	0	0	110	0	0
0	0	0	0	110	0	0	0
0	110	0	0	0	0	0	0
0	0	0	0	110	0	0	0
0	0	0	0	0	110	0	0
0	110	0	0	0	0	0	0
2	0	0	0	0	108	0	0
0	0	0	0	110	0	0	0
0	110	0	0	0	0	0	0
0	110	0	0	0	0	0	0
0	0	0	0	110	0	0	0
0	0	0	0	110	0	0	0
0	0	0	0	110	0	0	0
0	0	0	0	110	0	0	0
0	0	0	0	0	110	0	0
0	0	0	0	82	28	0	0
0	0	0	0	110	0	0	0
110	0	0	0	0	0	0	0
109	0	0	0	1	0	0	0
0	110	0	0	0	0	0	0
0	0	0	0	0	110	0	0
0	0	0	0	13	97	0	0
0	0	0	0	110	0	0	0
110	0	0	0	0	0	0	0
0	0	0	0	0	110	0	0
0	0	0	0	0	110	0	0
0	110	0	0	0	0	0	0
0	110	0	0	0	0	0	0
0	0	0	0	110	0	0	0
110	0	0	0	0	0	0	0
1	109	0	0	0	0	0	0
0	0	0	0	110	0	0	0
0	0	0	0	110	0	0	0
110	0	0	0	0	0	0	0
110	0	0	0	0	0	0	0
0	0	0	0	110	0	0	0
0	0	0	0	14	96	0	0
7	0	0	0	0	0	103	0
0	0	0	0	3	4	103	0
2	5	0	0	0	0	103	0
5	2	0	0	0	0	103	0
0	0	0	0	0	7	103	0
0	0	0	0	7	0	103	0
0	0	0	0	7	0	103	0
7	0	0	0	0	0	103	0
2	0	0	0	5	0	103	0
0	0	0	0	0	7	103	0
6	0	0	0	0	0	104	0
6	0	0	0	0	0	104	0
6	0	0	0	0	0	104	0
0	0	0	0	6	0	104	0
0	0	0	0	6	0	104	0
0	0	0	0	6	0	104	0
0	0	0	0	6	0	104	0
0	0	0	0	6	0	104	0
0	6	0	0	0	0	104	0
0	0	0	0	0	6	104	0
0	0	0	0	6	0	104	0
0	2	0	0	0	0	108	0
0	2	0	0	0	0	108	0
2	0	0	0	0	0	108	0
2	0	0	0	0	0	108	0
0	0	0	0	0	2	108	0
1	0	0	0	0	0	109	0
1	0	0	0	0	0	109	0
1	0	0	0	0	0	109	0
0	1	0	0	0	0	109	0
1	0	0	0	0	0	109	0
0	0	0	0	1	0	109	0
0	1	0	0	0	0	109	0
